38
78
98
82
9
90
0
40
3
42
42
66
11
35
27
74
3
75
83
85
84
28
61
33
38
49
60
25
93
24
12
88
60
26
25
18
23
61
86
98
15
99
3
51
20
14
56
42
37
12
20
35
4
58
41
4
44
68
88
54
8
64
7
23
95
70
75
26
30
60
20
60
6
28
8
52
88
38
13
62
29
34
80
18
14
0
60
17
52
3
58
82
48
48
47
33
72
15
12
85
86
88
95
85
36
5
19
27
23
90
89
7
72
1
4
24
77
16
84
33
41
94
27
38
85
26
23
3
79
97
29
31
27
17
75
1
35
23
89
93
85
47
77
80
89
82
60
46
74
56
47
92
27
4
92
30
90
88
84
36
9
3
46
1
58
75
92
82
46
61
63
26
79
28
87
44
80
90
55
33
11
60
67
0
22
3
10
56
32
29
60
91
14
8
40
0
67
72
84
39
95
84
19
84
76
74
78
68
97
30
73
66
46
92
84
30
14
82
39
45
22
34
3
47
97
43
94
90
68
39
39
42
81
65
16
55
62
42
17
13
46
80
39
71
39
95
33
59
70
81
12
14
62
91
68
92
22
84
73
12
64
2
82
67
97
28
83
32
5
35
69
24
7
94
8
39
34
72
30
27
69
52
31
54
37
28
5
37
50
69
24
27
38
68
76
62
73
24
23
8
57
50
1
63
89
29
77
90
54
93
89
17
57
45
83
44
17
80
86
57
1
38
5
81
63
52
48
47
41
27
45
5
67
54
25
59
97
0
25
47
37
27
67
65
26
12
89
84
97
70
49
54
44
0
32
99
52
16
49
31
31
56
24
17
37
81
49
83
38
56
76
40
83
96
28
92
24
49
70
58
50
27
72
45
3
21
57
2
13
39
30
62
88
18
78
88
84
62
71
51
41
87
85
42
31
59
33
62
79
49
46
17
14
19
72
76
0
44
68
50
44
11
44
91
15
90
81
8
44
71
84
52
8
46
56
17
67
18
62
63
61
88
52
95
0
21
28
66
13
24
17
9
46
53
78
72
42
2
90
36
85
2
12
98
90
8
74
5
45
47
49
20
57
39
82
42
24
98
25
64
62
99
67
42
66
58
6
81
18
73
5
51
63
71
72
99
81
47
76
22
